-0.0926559 0.0116148 -0.3387 -0.12282 -0.0642361 -0.342671
0.110252 0.0335932 0.4386 0.107083 0.130584 0.439678
-0.0148039 -0.0063911 0.0315 0.00162541 0.0289771 0.030994
-0.0701158 0.00829322 -0.2757 -0.0895933 -0.0692842 -0.277772
-0.080735 0.00344598 -0.2995 -0.0993071 -0.0490315 -0.303989
-0.0148016 0.00842111 -0.0697 -0.00750053 -0.0179101 -0.0645658
0.102828 0.016232 0.4046 0.0833676 0.106944 0.409103
0.0665338 0.00795337 0.2608 0.067219 0.0741538 0.265853
0.0750709 0.0115922 0.2981 0.0729405 0.0872098 0.298126
0.0328657 0.00422457 0.1024 0.0309029 0.0110449 0.0977135
0.332752 0.220027 -0.032 0.227002 -0.352214 -0.03156
-0.474401 -0.0933623 0.0375 -0.0996733 0.493204 0.0375207
-0.127646 -0.0192972 0.1163 0.0116789 0.191887 0.116905
0.0700491 0.00964999 0.2468 0.0633585 0.0554567 0.245956
-0.0511357 0.00592715 -0.1628 -0.0438759 -0.0355625 -0.160064
-0.11837 0.0236146 -0.4658 -0.161475 -0.0707994 -0.471543
-0.0217145 0.00323723 -0.1272 -0.0335165 -0.0372664 -0.122194
0.340314 -0.447265 0.032 -0.453931 -0.323794 0.0316822
0.110252 0.0335932 0.4386 0.107083 0.130584 0.439678
-0.0148039 -0.0063911 0.0315 0.00162541 0.0289771 0.0309946
0.175012 0.155791 -0.0423 0.184389 -0.179438 -0.0361102
-0.0701158 0.00829322 -0.2757 -0.0895933 -0.0692842 -0.277772
-0.080735 0.00344598 -0.2995 -0.0993071 -0.0490315 -0.303989
-0.0148016 0.00842111 -0.0697 -0.00750056 -0.0179101 -0.0645658
0.102828 0.016232 0.4046 0.0833676 0.106944 0.409103
0.0665338 0.00795337 0.2608 0.0672407 0.0740819 0.265869
0.0750709 0.0115922 0.2981 0.0726778 0.0871999 0.298099
0.0328657 0.00422457 0.1024 0.0309029 0.0110449 0.0977135
0.332752 0.220027 -0.032 0.226998 -0.35221 -0.0315596
-0.474401 -0.0933623 0.0375 -0.0996733 0.493204 0.0375207
-0.127646 -0.0192972 0.1163 0.0116817 0.191884 0.116907
0.0700491 0.00964999 0.2468 0.0633966 0.0553968 0.245987
-0.0511357 0.00592715 -0.1628 -0.0438759 -0.0355625 -0.160064
-0.11837 0.0236146 -0.4658 -0.161475 -0.0707994 -0.471543
-0.0217145 0.00323723 -0.1272 -0.0335165 -0.0372664 -0.122194
0.340314 -0.447265 0.032 -0.453931 -0.323794 0.0316829
0.102828 0.016232 0.4046 -0.137556 0.0823842 0.409566
0.0665338 0.00795337 0.2608 -0.0782567 0.0567701 0.253076
0.0750709 0.0115922 0.2981 -0.0898455 0.0530968 0.298112
0.0328657 0.00422457 0.1024 -0.0282619 0.0181647 0.100215
0.332752 0.220027 -0.032 0.229084 -0.346558 -0.0314962
0.071539 0.0490936 -0.000699997 0.0516967 -0.0747456 -0.000657795
-0.474401 -0.0933623 0.0375 -0.100969 0.487753 0.037506
-0.127646 -0.0192972 0.1163 -0.0521663 0.18543 0.107413
0.0700491 0.00964999 0.2468 -0.0746676 0.039877 0.258317
-0.0511357 0.00592715 -0.1628 0.0477147 -0.0396324 -0.171625
-0.11837 0.0236146 -0.4658 0.0941938 -0.13082 -0.458568
-0.0217145 0.00323723 -0.1272 0.0359863 -0.0407783 -0.124069
0.340314 -0.447265 0.032 -0.473932 -0.323357 0.0327481

